001
002
003 
004
005
006
007
008
009
010
011
012
013
014
015
016
017
019
020
021
024
025
028
030
031
032
033
035
036
037
039
040
046
047
049
050
051
052
053
054
055
056
057
058
060
061
063
064
065
066
069
070
072
073
074
076
077
078
079
080
081
082
083
084
086
090
092
093
097
098
101
102
104
107
109
112
115
116
117
118
119
120
122
126
127
129
221
222
224
225
226
227
230
232
234
235
238
239
240
241
242
243
245
247
248
251
253
256
257
258
259
260
261
263
265
266
267
268
269
270
272
278
279
280
282
283
286
287
288
290
291
292
295
296
298
